9891
20183
5033
27903
29529
2389
18804
25689
7521
3092
31183
13417
2667
7256
24636
10653
10419
3880
15194
12398
2124
25850
5653
31863
9308
19576
4139
12244
12207
7880
7376
22239
29891
14231
18539
5858
21184
27022
31422
3945
20771
32355
12743
7023
10148
12169
22717
4262
8845
24779
21446
29898
2453
11174
10763
20811
16274
3567
20621
24245
29492
26536
31398
20526
12012
14060
20039
8531
31439
19047
14863
24388
6695
31366
31299
32398
10829
14880
19278
3739
4937
9210
509
7134
12316
14485
25893
1089
29514
4499
21290
31689
26228
31427
10290
3193
3013
16943
15655
30871
13525
10716
24939
15477
25772
27216
17280
7293
32629
30679
24696
6745
29975
23146
1596
1639
29331
4667
1698
5892
2765
8180
29101
8807
19208
13688
5536
30734
28720
2292
32362
3695
11168
20764
4892
6726
10468
20179
1835
11686
2422
19066
11941
25584
13946
4282
9422
29127
20368
9313
